# name: data
# type: matrix

# rows: 1117
# columns: 1

100886
100884
100888
100886
100892
100892
100880
100883
100892
100888
100895
100895
100888
100892
100893
100897
100893
100888
100890
100891
100892
100896
100891
100893
100894
100891
100897
100893
100887
100887
100892
100889
100887
100883
100882
100890
100887
100892
100894
100889
100892
100890
100892
100890
100893
100895
100885
100891
100888
100884
100890
100891
100890
100893
100890
100893
100898
100897
100894
100890
100897
100893
100894
100894
100897
100892
100895
100892
100894
100888
100896
100896
100898
100894
100894
100898
100890
100887
100894
100891
100894
100890
100895
100884
100893
100888
100892
100887
100895
100897
100892
100900
100897
100894
100892
100897
100897
100892
100888
100895
100892
100890
100889
100894
100889
100884
100890
100884
100893
100887
100884
100891
100885
100886
100889
100885
100886
100890
100893
100885
100890
100891
100894
100887
100891
100895
100890
100886
100887
100891
100896
100887
100893
100894
100888
100888
100889
100890
100888
100885
100889
100890
100892
100885
100894
100892
100887
100892
100896
100888
100891
100889
100894
100890
100892
100892
100886
100896
100888
100893
100895
100896
100895
100887
100894
100887
100888
100893
100889
100889
100892
100885
100892
100883
100889
100881
100889
100886
100888
100887
100891
100889
100888
100890
100888
100888
100884
100888
100891
100887
100890
100889
100884
100887
100887
100887
100889
100886
100893
100885
100890
100891
100882
100889
100897
100893
100882
100883
100892
100891
100885
100890
100883
100883
100886
100889
100894
100895
100882
100887
100885
100889
100889
100888
100895
100891
100890
100890
100890
100894
100893
100889
100887
100888
100890
100887
100890
100885
100892
100891
100888
100890
100885
100894
100893
100890
100890
100889
100891
100885
100889
100889
100884
100889
100889
100888
100891
100890
100894
100890
100892
100895
100897
100892
100893
100888
100891
100891
100894
100893
100893
100897
100894
100897
100904
100895
100898
100890
100893
100895
100898
100894
100893
100899
100897
100899
100894
100893
100897
100900
100898
100899
100902
100904
100892
100895
100898
100895
100894
100893
100897
100895
100892
100892
100888
100894
100893
100898
100898
100895
100900
100902
100891
100886
100887
100895
100896
100900
100899
100897
100898
100898
100899
100894
100895
100896
100900
100897
100900
100897
100899
100901
100903
100902
100900
100900
100892
100887
100893
100894
100901
100901
100901
100905
100892
100890
100891
100898
100901
100902
100897
100900
100895
100897
100895
100893
100905
100901
100898
100900
100895
100898
100892
100887
100900
100897
100900
100899
100890
100895
100893
100891
100903
100897
100899
100899
100905
100899
100893
100893
100896
100889
100895
100894
100899
100893
100900
100899
100894
100892
100890
100890
100903
100899
100897
100897
100890
100891
100889
100892
100903
100898
100899
100895
100889
100890
100895
100895
100893
100890
100889
100893
100895
100894
100895
100891
100900
100898
100898
100896
100895
100899
100894
100892
100896
100896
100892
100892
100892
100894
100893
100891
100897
100900
100898
100899
100903
100899
100897
100894
100895
100893
100892
100897
100899
100897
100889
100897
100892
100901
100895
100892
100901
100900
100907
100901
100899
100902
100900
100903
100902
100903
100896
100896
100895
100895
100893
100894
100893
100895
100892
100893
100898
100897
100898
100893
100900
100899
100897
100905
100904
100900
100897
100899
100900
100899
100904
100900
100900
100902
100900
100900
100899
100897
100903
100900
100897
100893
100887
100890
100892
100889
100892
100891
100900
100893
100896
100889
100888
100881
100883
100882
100881
100887
100888
100882
100878
100880
100881
100878
100878
100874
100876
100876
100883
100874
100878
100877
100872
100873
100876
100879
100881
100873
100880
100873
100878
100878
100869
100873
100875
100880
100879
100874
100883
100877
100875
100878
100878
100874
100885
100879
100879
100878
100877
100883
100882
100877
100881
100878
100877
100878
100878
100875
100880
100874
100882
100875
100883
100882
100882
100878
100880
100876
100872
100874
100886
100877
100878
100879
100885
100882
100880
100878
100875
100874
100878
100876
100874
100878
100875
100873
100878
100882
100881
100878
100887
100879
100883
100883
100876
100882
100877
100880
100883
100879
100884
100877
100873
100877
100873
100875
100877
100874
100873
100871
100882
100878
100882
100880
100884
100877
100875
100875
100879
100880
100874
100878
100878
100882
100882
100884
100885
100884
100880
100881
100876
100876
100880
100882
100876
100879
100873
100874
100881
100880
100882
100876
100879
100874
100877
100880
100883
100883
100884
100879
100878
100881
100881
100883
100880
100889
100882
100882
100879
100875
100872
100875
100887
100885
100879
100872
100885
100883
100874
100882
100883
100882
100884
100881
100880
100887
100880
100878
100880
100884
100881
100882
100883
100882
100877
100884
100882
100880
100882
100884
100884
100884
100884
100879
100886
100882
100885
100883
100882
100880
100882
100884
100882
100882
100880
100879
100875
100884
100879
100887
100881
100880
100883
100882
100880
100884
100883
100885
100884
100883
100889
100884
100880
100884
100878
100883
100892
100891
100892
100894
100893
100892
100891
100894
100897
100896
100895
100894
100895
100900
100902
100900
100902
100899
100902
100907
100893
100895
100900
100898
100902
100899
100902
100898
100903
100902
100895
100898
100898
100902
100903
100903
100904
100900
100902
100906
100899
100902
100898
100905
100897
100901
100898
100902
100907
100902
100901
100901
100902
100906
100906
100904
100905
100899
100901
100903
100901
100903
100898
100900
100897
100905
100908
100895
100899
100898
100894
100908
100906
100902
100899
100897
100895
100902
100903
100905
100905
100901
100903
100907
100905
100905
100905
100904
100905
100907
100900
100900
100899
100898
100897
100905
100902
100905
100903
100912
100908
100904
100901
100897
100897
100899
100897
100905
100906
100905
100907
100899
100898
100899
100899
100906
100905
100905
100902
100898
100893
100902
100900
100908
100900
100898
100900
100904
100895
100901
100897
100898
100903
100903
100904
100903
100892
100891
100897
100895
100892
100893
100889
100892
100895
100888
100895
100890
100894
100900
100896
100901
100900
100899
100902
100898
100900
100902
100893
100895
100890
100891
100890
100890
100897
100890
100895
100902
100904
100902
100898
100902
100901
100906
100905
100893
100896
100896
100894
100895
100899
100899
100899
100897
100896
100896
100892
100897
100895
100895
100894
100893
100898
100902
100904
100898
100895
100901
100894
100900
100898
100901
100894
100895
100895
100899
100894
100905
100904
100900
100898
100895
100898
100895
100895
100899
100895
100895
100898
100903
100900
100900
100896
100896
100896
100894
100898
100903
100898
100905
100902
100899
100898
100895
100895
100891
100894
100895
100896
100894
100899
100895
100895
100893
100890
100896
100889
100896
100895
100889
100895
100895
100886
100891
100889
100892
100890
100888
100884
100882
100891
100889
100888
100887
100883
100887
100885
100893
100891
100893
100887
100890
100891
100889
100893
100891
100886
100887
100890
100891
100890
100888
100888
100893
100898
100895
100889
100893
100890
100894
100889
100888
100888
100889
100891
100881
100885
100881
100885
100890
100886
100889
100888
100888
100885
100894
100891
100889
100894
100891
100891
100894
100890
100889
100894
100895
100887
100888
100891
100887
100887
100890
100889
100891
100885
100887
100887
100901
100893
100898
100897
100888
100892
100889
100896
100896
100890
100893
100899
100897
100891
100890
100884
100896
100889
100888
100890
100895
100896
100900
100902
100891
100885
100884
100890
100894
100895
100893
100893
100890
100888
100895
100895
100902
100895
100895
100895
100890
100890
100890
100893
100887
100888
100885
100884
100893
100889
100894
100897
100899
100896
100894
100889
100884
100884
# name: dt
# type: scalar

0.061590931089
# Total time recorded: 68.80 s
# Data rate: 16.24 Hz
